750
1
28
386 388
932 934
330 331
977 979
68 69
168 169
252 253
335 336
512 513
452 454
633 634
49 51
173 175
243 244
372 373
111
258
123 124
481 482
665 666
985 988
192
39
802
66 67
256 257
589 590
94 95
459 461
609 612
206 207
497
494 495
706
896
375 376
407 408
118 119
528 529
151 152
543 544
813 814
576
36 37
46 47
249 250
156 157
286
704
607 608
450
865
352
864
641
947 949
353 355
105 108
423
191 195
346
92
679
819
416
967 968
740 744
805 806
931
470 471
198 199
384 385
521 522
675 676
415 417
638
898 901
161 162
517 518
413 414
180 182
728
716 717
409 410
516
937 940
113
238 242
605
433
546
994
116 117
472
278
952 953
418 419
720 721
171 172
480
463
852
57 58
263 264
929 930
147 150
581 582
31 32
138 143
301
764
713
855
880
484 487
735 737
733
879 881
873 876
368 371
189
792
367
299
969
998
997
289 290
297 304
826
179
364
933
129 130
956 957
534 535
660 661
586 587
786
400
857 858
99 101
834 835
840 841
884 885
525 527
233
401 402
426 427
496 498
916 918
714 715
891 892
620 622
927 928
86 88
958 960
23
270 271
723
71 72
394 395
850
795 796
978
54 55
695 696
684 685
22
944
962
618 619
83
231 234
800 801
144 146
743
153 155
339 341
348
753 758
464 465
510 511
993 995
572 573
601 603
62
19
754
209
878
588
11
973 974
96 97
861 862
127
6 8
422 424
889
120
583 585
982 984
507
923
533
334
275
899
697 698
877
226 227
448
80 82
725
52 53
343 344
398 399
980 981
381
390 392
287
575
183 185
431
574
508
78
816 817
882 883
514
577 578
662 664
163 165
457
624 625
762 763
91 93
351
158 160
591
681 683
791
755
971
73
616
230
741
611
560
559
434 437
428 432
961 965
48
779
298
680
167
4
554
677
387
354
490 492
474 475
27 30
672
184
710 711
34
894 897
222
604
912 915
530
382 383
626
164
561
668 670
320
902 903
830
134 137
326
267
615 617
324 327
447 449
765 769
16
114 115
246 248
705 709
808 810
218 221
548 552
667
378
38
499
70
294
904 909
831
254
682
837 838
455 458
211
815
712
159
193
98
446
347
251
567
663
799
210
332
442
778
284
340
500
739
200 204
942
793 794
719
657 659
312
181
917
136
43
296
166
466 469
568 571
504
726 731
640
905
736
541
537 542
648
126 128
89
305
223 224
42
131 133
359 363
631 632
699 700
650
526
845
610
989
148
214 215
759 760
553 558
306 307
177
112
523 524
519
669
370
784
188 190
832 833
476 478
241
187
821
594
972
329
599 600
219
745
485
579 580
444 445
273 280
310 318
45
761
24
540
990 991
787
20 26
829
345 350
90
871 872
488
851
107
637 643
272
236 237
319
656
688
774 781
64 65
259 262
456
174
240
825 828
812
729
141
404
652
550
772
836
453
749 750
293
804
900
421
509
592
314
562 563
365 366
276
945 946
75
671
734
910 911
635 636
738
596
673 674
479
818 824
501 503
751 752
584
655
142
328
393
7
228
438 443
766
125
890
281
651 653
239
893
40 44
60
866 868
462
846 847
10 12
121
201
357
102 104
803
477
391
950
797 798
692
906
557
853 856
349
983
337 338
992
996 999
564 566
628 630
15 18
747
955
302
849
176
602
505
614
627
285 288
887
412
549
924
807
0 2
145
279
959
595 598
309
976
531
106
746
545 547
208
17
645
770 773
103
925
149
317
875
702
986
342
362
425
360
361
277
25
919 920
202
468
440
724
718
358
460
35
966
777
225
964
639
109
907
451
213
597
867
325
539
954
536
217
229
3
291 295
59 61
678
515
178
569
9
926
313
629
489
323
963
613
842
922
520
621
941 943
303
379
756
406
939
403 405
377
555
396
235
827
268
771
914
732
411
441
436
74
100
77
321 322
41
29
333
430
532
467
823
820
551
606
644
707
768
439
194
63
936
948
844
839
502
14
975
266 269
170
708
886
84 85
874
811
843
888
212
556
197
654
686 689
646
790
742
951
921
565
203
216
694
491
369
767
260
701 703
860
282
261
76 79
50
913
757
788 789
232
863
727
81
435
21
33
938
970
154
483
220
935
506
315
822
848
245
785
186
730
316
311
473
895
649
13
538
647
196
87
140
486
283
139
987
56
397
776
429
687
380
809
205
691
247
255
5
132
274
265
300
356
690
859
110
780
854
593
869
389
570
292
658
782 783
642
374
308
420
775
870
122
493
135
908
623
722
693
748
